# Normal WGS
  break_info                            cov                                  w.around_w.around                                  w.around_w.inside                                   w.inside_w.around                                  
          c1        a1        b1 ('+', '-') ('-', '+') ('-', '-') ('+', '+')        ('+', '-') ('-', '+') ('-', '-') ('+', '+')        ('+', '-') ('-', '+')  ('-', '-') ('+', '+')        ('+', '-') ('-', '+')  ('-', '-') ('+', '+')
0      chr20   1337176   1338798   252.1578          0   6.781751   2.466091          24.04439          0          0          0          52.40444          0   0.6165228  0.6165228           43.1566          0           0          0
1      chr20   1505452   1541490   222.2931  0.1942394   4.301016   4.384261                 0          0          0          0          4.633997          0           0          0          1.914646          0  0.02774849          0
2      chr20  30989149  30993049   212.0513          0   5.641026   1.794872          8.717949          0          0          0                20          0           0          0          23.33333          0   0.2564103          0
3      chr20  35166578  35167640    566.855  0.9416196   7.532957   4.708098                 0          0          0          0          139.3597          0           0          0          148.7759          0           0  0.9416196
4      chr20  41705581  41707310   196.6455          0   8.097166   1.735107                 0          0          0          0          38.17235          0           0          0          38.17235          0    0.578369          0
5      chr20  41914857  41917438   240.9919          0   4.261914   3.487021         0.3874467          0          0          0          25.95893          0           0          0          56.17978          0   0.3874467          0
6      chr20  52080513  52091401   213.2623  0.1836885   3.949302   4.500367          3.122704          0          0          0          9.092579          0  0.09184423          0          6.337252          0           0          0
7      chr20   7552997   7555560   435.8174  0.3901678   4.291845    3.51151                 0          0          0          0          60.86617          0           0          0          52.67265          0   0.3901678  0.3901678
# Allele WGS
                    Aallele    Ballele    Aallele    Ballele Aallele Ballele Aallele Ballele Aallele Ballele   Aallele   Ballele Aallele Ballele Aallele Ballele
                          0          0          1          1       2       2       3       3       4       4         5         5       6       6       7       7
cov                24.66091  0.6165228   4.689494   4.495255       0       0       0       0       0       0  3.487021  15.11042       0       0       0       0
w.around_w.around         0   12.33046          0          0       0       0       0       0       0       0         0         0       0       0       0       0
w.around_w.inside  24.66091  0.6165228  0.6937122  0.5549698       0       0       0       0       0       0         0  3.099574       0       0       0       0
w.inside_w.around         0          0          0          0       0       0       0       0       0       0  3.099574  7.748935       0       0       0       0
# Allele HiC
                            Aallele    Ballele   Aallele     Ballele   Aallele   Ballele   Aallele   Ballele   Aallele   Ballele    Aallele    Ballele    Aallele   Ballele    Aallele    Ballele
                                  0          0         1           1         2         2         3         3         4         4          5          5          6         6          7          7
break_info        a1        1337176    1337176   1505452     1505452  30989149  30989149  35166578  35166578  41705581  41705581   41914857   41914857   52080513  52080513    7552997    7552997
                  b1        1338798    1338798   1541490     1541490  30993049  30993049  35167640  35167640  41707310  41707310   41917438   41917438   52091401  52091401    7555560    7555560
                  c1          chr20      chr20     chr20       chr20     chr20     chr20     chr20     chr20     chr20     chr20      chr20      chr20      chr20     chr20      chr20      chr20
cov               opposite        0          0  3.357567    2.081137         0         0         0         0         0         0  0.7748935  0.7748935  0.4592212  2.020573   1.170503   1.560671
                  same            0          0  2.136634    1.082191         0         0         0         0         0         0  0.3874467  0.3874467          0  1.193975    3.51151   1.560671
w.around_w.around opposite        0  0.6165228         0           0         0         0         0         0         0         0          0          0          0         0          0          0
                  same            0          0         0           0         0         0         0         0         0         0          0          0          0         0          0          0
w.around_w.inside opposite        0          0         0  0.02774849         0         0         0         0         0         0          0  0.3874467          0         0          0          0
                  same            0          0         0           0         0         0         0         0         0         0          0          0          0         0          0          0
w.inside_w.around opposite        0          0         0           0         0         0         0         0         0         0          0          0          0         0  0.3901678  0.3901678
                  same            0          0         0           0         0         0         0         0         0         0          0          0          0         0  0.3901678  0.3901678
# Allele HiC based on neighbor Cuts
                               Aallele    Ballele    Aallele     Ballele   Aallele    Ballele   Aallele   Ballele   Aallele   Ballele    Aallele    Ballele     Aallele     Ballele   Aallele   Ballele
                                     0          0          1           1         2          2         3         3         4         4          5          5           6           6         7         7
break_info        a1           1337176    1337176    1505452     1505452  30989149   30989149  35166578  35166578  41705581  41705581   41914857   41914857    52080513    52080513   7552997   7552997
                  b1           1338798    1338798    1541490     1541490  30993049   30993049  35167640  35167640  41707310  41707310   41917438   41917438    52091401    52091401   7555560   7555560
                  c1             chr20      chr20      chr20       chr20     chr20      chr20     chr20     chr20     chr20     chr20      chr20      chr20       chr20       chr20     chr20     chr20
cov               opposite           0          0   3.357567    2.081137         0          0         0         0         0         0  0.7748935  0.7748935   0.4592212    2.020573  1.170503  1.560671
                  same               0          0   2.136634    1.082191         0          0         0         0         0         0  0.3874467  0.3874467           0    1.193975   3.51151  1.560671
w.around_w.around dist_cut1       2742       2742       4032        4032      1714       1714      1849      1849      6755      6755       1349       1349        1815        1815      3228      3228
                  dist_cut2       9077       9077       3873        3873      2976       2976      1823      1823      1042      1042      12580      12580       10757       10757      7880      7880
                  opposite   0.6165228  0.6165228          0  0.02774849         0          0         0         0  1.735107  2.313476          0          0  0.09184423  0.09184423         0         0
                  same               0          0          0           0         0  0.2564103         0         0  0.578369  0.578369          0          0  0.09184423           0         0         0
w.around_w.inside dist_cut1       2742       2742       4032        4032      1714       1714      1849      1849      6755      6755       1349       1349        1815        1815      3228      3228
                  dist_cut2        NaN        NaN       1040        1040       NaN        NaN       NaN       NaN       NaN       NaN        NaN        NaN        1664        1664      2441      2441
                  opposite         NaN        NaN          0           0       NaN        NaN       NaN       NaN       NaN       NaN        NaN        NaN           0   0.2755327         0         0
                  same             NaN        NaN          0           0       NaN        NaN       NaN       NaN       NaN       NaN        NaN        NaN           0           0         0         0
w.inside_w.around dist_cut1        NaN        NaN       1979        1979       NaN        NaN       NaN       NaN       NaN       NaN        NaN        NaN        2803        2803       122       122
                  dist_cut2       9077       9077       3873        3873      2976       2976      1823      1823      1042      1042      12580      12580       10757       10757      7880      7880
                  opposite         NaN        NaN  0.1387424           0       NaN        NaN       NaN       NaN       NaN       NaN        NaN        NaN           0           0         0         0
                  same             NaN        NaN          0           0       NaN        NaN       NaN       NaN       NaN       NaN        NaN        NaN           0           0         0         0
