chr20 1336176 1337176 1338798 1339798 defaultdict(<type 'list'>, {'+-': [386]})
chr20 1504452 1505452 1541490 1542490 defaultdict(<type 'list'>, {})
chr20 30988149 30989149 30993049 30994049 defaultdict(<type 'list'>, {'+-': [337, 370]})
chr20 35165578 35166578 35167640 35168640 defaultdict(<type 'list'>, {})
chr20 41704581 41705581 41707310 41708310 defaultdict(<type 'list'>, {'+-': [1392, 1401, 1403, 1406, 1415, 1424, 1432, 1434, 1476]})
chr20 41913857 41914857 41917438 41918438 defaultdict(<type 'list'>, {})
chr20 52079513 52080513 52091401 52092401 defaultdict(<type 'list'>, {'+-': [388, 494]})
chr20 7551997 7552997 7555560 7556560 defaultdict(<type 'list'>, {})
+- -+ -- ++
[ 1.  0.  0.  0.]
[ 0.  0.  0.  0.]
[ 1.  0.  2.  0.  9.  0.  2.  0.]
Bins: mean +- -+ -- ++ std +- -+ -- ++
         39  0.00000  nan  nan  nan  0.00000  0.00000  0.00000  0.00000
         77  0.00000  nan  nan  nan  0.00000  0.00000  0.00000  0.00000
        116  0.00000  nan  nan  nan  0.00000  0.00000  0.00000  0.00000
        154  0.00000  nan  nan  nan  0.00000  0.00000  0.00000  0.00000
        193  0.00000  nan  nan  nan  0.00000  0.00000  0.00000  0.00000
        231  0.00000  nan  nan  nan  0.00000  0.00000  0.00000  0.00000
        270  0.00000  nan  nan  nan  0.00000  0.00000  0.00000  0.00000
        308  0.00000  nan  nan  nan  0.00000  0.00000  0.00000  0.00000
        346  0.12500  nan  nan  nan  0.21651  0.00000  0.00000  0.00000
        385  0.12500  nan  nan  nan  0.21651  0.00000  0.00000  0.00000
        423  0.37500  nan  nan  nan  0.41458  0.00000  0.00000  0.00000
        462  0.00000  nan  nan  nan  0.00000  0.00000  0.00000  0.00000
        500  0.12500  nan  nan  nan  0.21651  0.00000  0.00000  0.00000
        539  0.00000  nan  nan  nan  0.00000  0.00000  0.00000  0.00000
        577  0.00000  nan  nan  nan  0.00000  0.00000  0.00000  0.00000
        615  0.00000  nan  nan  nan  0.00000  0.00000  0.00000  0.00000
        654  0.00000  nan  nan  nan  0.00000  0.00000  0.00000  0.00000
        692  0.00000  nan  nan  nan  0.00000  0.00000  0.00000  0.00000
        731  0.00000  nan  nan  nan  0.00000  0.00000  0.00000  0.00000
        769  0.00000  nan  nan  nan  0.00000  0.00000  0.00000  0.00000
        808  0.00000  nan  nan  nan  0.00000  0.00000  0.00000  0.00000
        846  0.00000  nan  nan  nan  0.00000  0.00000  0.00000  0.00000
        885  0.00000  nan  nan  nan  0.00000  0.00000  0.00000  0.00000
        923  0.00000  nan  nan  nan  0.00000  0.00000  0.00000  0.00000
        961  0.00000  nan  nan  nan  0.00000  0.00000  0.00000  0.00000
       1000  0.00000  nan  nan  nan  0.00000  0.00000  0.00000  0.00000
       1038  0.00000  nan  nan  nan  0.00000  0.00000  0.00000  0.00000
       1077  0.00000  nan  nan  nan  0.00000  0.00000  0.00000  0.00000
       1115  0.00000  nan  nan  nan  0.00000  0.00000  0.00000  0.00000
       1154  0.00000  nan  nan  nan  0.00000  0.00000  0.00000  0.00000
       1192  0.00000  nan  nan  nan  0.00000  0.00000  0.00000  0.00000
       1230  0.00000  nan  nan  nan  0.00000  0.00000  0.00000  0.00000
       1269  0.00000  nan  nan  nan  0.00000  0.00000  0.00000  0.00000
       1307  0.00000  nan  nan  nan  0.00000  0.00000  0.00000  0.00000
       1346  0.00000  nan  nan  nan  0.00000  0.00000  0.00000  0.00000
       1384  0.00000  nan  nan  nan  0.00000  0.00000  0.00000  0.00000
       1423  0.13889  nan  nan  nan  0.24056  0.00000  0.00000  0.00000
       1461  0.08333  nan  nan  nan  0.14434  0.00000  0.00000  0.00000
       1500  0.02778  nan  nan  nan  0.04811  0.00000  0.00000  0.00000
 1000000000  0.00000  nan  nan  nan  0.00000  0.00000  0.00000  0.00000
