(4, 384, 40)
+- -+ -- ++
[ 0.7983486   0.09404653  0.05271725  0.05488762]
[ 0.23358747  0.13883258  0.08686507  0.08903756]
(40, 9) (41,)
Bins: mean +- -+ -- ++ std +- -+ -- ++
         39  0.00000  0.00737  0.00000  0.00000  0.00000  0.07774  0.00000  0.00000
         77  0.00106  0.00006  0.00000  0.00008  0.01225  0.00082  0.00000  0.00091
        116  0.00232  0.02477  0.00699  0.00011  0.01340  0.14612  0.08333  0.00139
        154  0.00686  0.00015  0.00013  0.00000  0.05333  0.00151  0.00160  0.00000
        193  0.01213  0.00547  0.00363  0.00713  0.03401  0.06983  0.04169  0.08198
        231  0.01339  0.00561  0.00009  0.00169  0.05639  0.06976  0.00107  0.02048
        270  0.01494  0.00009  0.00000  0.00015  0.03542  0.00134  0.00000  0.00186
        308  0.05225  0.00020  0.00000  0.00719  0.07841  0.00279  0.00000  0.08195
        346  0.19055  0.00067  0.00000  0.00025  0.12708  0.00459  0.00000  0.00218
        385  0.20760  0.00277  0.00699  0.00024  0.14957  0.03495  0.08333  0.00209
        423  0.13349  0.01565  0.00000  0.00012  0.10272  0.12017  0.00000  0.00141
        462  0.11872  0.00821  0.00000  0.00000  0.10213  0.07370  0.00000  0.00000
        500  0.08081  0.01567  0.00000  0.00000  0.07870  0.10950  0.00000  0.00000
        539  0.05488  0.01606  0.00034  0.00000  0.06854  0.12024  0.00315  0.00000
        577  0.01558  0.00848  0.00058  0.00048  0.03443  0.07223  0.00694  0.00585
        615  0.00308  0.01294  0.00000  0.00014  0.01581  0.10020  0.00000  0.00167
        654  0.00019  0.00145  0.00089  0.00041  0.00292  0.00832  0.00935  0.00418
        692  0.00000  0.01301  0.00058  0.00000  0.00000  0.09951  0.00694  0.00000
        731  0.00000  0.00659  0.00000  0.00014  0.00000  0.07043  0.00000  0.00164
        769  0.00005  0.01298  0.00041  0.00007  0.00072  0.09116  0.00490  0.00088
        808  0.00001  0.01812  0.00000  0.00027  0.00024  0.11187  0.00000  0.00328
        846  0.00002  0.00373  0.00000  0.00011  0.00035  0.02199  0.00000  0.00134
        885  0.00000  0.00414  0.00009  0.00038  0.00000  0.03608  0.00104  0.00334
        923  0.00000  0.00343  0.00000  0.00013  0.00000  0.03539  0.00000  0.00152
        961  0.00001  0.01230  0.00009  0.00024  0.00028  0.09921  0.00104  0.00211
       1000  0.00000  0.00419  0.00000  0.00000  0.00000  0.03644  0.00000  0.00000
       1038  0.00000  0.00214  0.00078  0.00007  0.00000  0.01839  0.00926  0.00088
       1077  0.00002  0.00324  0.00723  0.00000  0.00034  0.02350  0.08336  0.00000
       1115  0.00000  0.00493  0.00000  0.00000  0.00000  0.06967  0.00000  0.00000
       1154  0.00003  0.00246  0.00000  0.00000  0.00067  0.02031  0.00000  0.00000
       1192  0.00000  0.00772  0.00094  0.00096  0.00000  0.07781  0.00811  0.01032
       1230  0.00000  0.00370  0.00058  0.00000  0.00000  0.03574  0.00694  0.00000
       1269  0.00000  0.00494  0.00064  0.00010  0.00000  0.03832  0.00758  0.00117
       1307  0.00013  0.01810  0.00000  0.00000  0.00246  0.11194  0.00000  0.00000
       1346  0.00003  0.00794  0.00051  0.00000  0.00067  0.07376  0.00449  0.00000
       1384  0.00013  0.00132  0.00000  0.00000  0.00246  0.00992  0.00000  0.00000
       1423  0.00000  0.00629  0.00000  0.00000  0.00000  0.07048  0.00000  0.00000
       1461  0.00038  0.00566  0.00000  0.00000  0.00738  0.07038  0.00000  0.00000
       1500  0.00000  0.00438  0.00041  0.00000  0.00000  0.03986  0.00490  0.00000
 1000000000  0.09133  0.72306  0.96808  0.97954  0.15511  0.39819  0.15053  0.11759
