chr20 1336376 1337476 1338498 1339598 defaultdict(<type 'list'>, {'+-': [2008]})
chr20 1504652 1505752 1541190 1542290 defaultdict(<type 'list'>, {})
chr20 30988349 30989449 30992749 30993849 defaultdict(<type 'list'>, {'+-': [4237, 4270]})
chr20 35165778 35166878 35167340 35168440 defaultdict(<type 'list'>, {})
chr20 41704781 41705881 41707010 41708110 defaultdict(<type 'list'>, {})
chr20 41914057 41915157 41917138 41918238 defaultdict(<type 'list'>, {'+-': [2746, 2890, 2982]})
chr20 52079713 52080813 52091101 52092201 defaultdict(<type 'list'>, {'+-': [11276, 11382]})
chr20 7552197 7553297 7555260 7556360 defaultdict(<type 'list'>, {'-+': [2964]})
(4, 8, 41)
+- -+ -- ++
[ 0.8  0.2  0.   0. ]
[ 0.4  0.4  0.   0. ]
(41, 9) (42,)
Bins: mean +- -+ -- ++ std +- -+ -- ++
      -1500  0.00000  0.00000  nan  nan  0.00000  0.00000  0.00000  0.00000
      -1421  0.00000  0.00000  nan  nan  0.00000  0.00000  0.00000  0.00000
      -1342  0.00000  0.00000  nan  nan  0.00000  0.00000  0.00000  0.00000
      -1263  0.00000  0.00000  nan  nan  0.00000  0.00000  0.00000  0.00000
      -1184  0.00000  0.00000  nan  nan  0.00000  0.00000  0.00000  0.00000
      -1105  0.00000  0.00000  nan  nan  0.00000  0.00000  0.00000  0.00000
      -1026  0.00000  0.00000  nan  nan  0.00000  0.00000  0.00000  0.00000
       -947  0.00000  0.00000  nan  nan  0.00000  0.00000  0.00000  0.00000
       -868  0.00000  0.00000  nan  nan  0.00000  0.00000  0.00000  0.00000
       -789  0.00000  0.00000  nan  nan  0.00000  0.00000  0.00000  0.00000
       -711  0.00000  0.00000  nan  nan  0.00000  0.00000  0.00000  0.00000
       -632  0.00000  0.00000  nan  nan  0.00000  0.00000  0.00000  0.00000
       -553  0.00000  0.00000  nan  nan  0.00000  0.00000  0.00000  0.00000
       -474  0.00000  0.00000  nan  nan  0.00000  0.00000  0.00000  0.00000
       -395  0.00000  0.00000  nan  nan  0.00000  0.00000  0.00000  0.00000
       -316  0.00000  0.00000  nan  nan  0.00000  0.00000  0.00000  0.00000
       -237  0.00000  0.00000  nan  nan  0.00000  0.00000  0.00000  0.00000
       -158  0.00000  0.00000  nan  nan  0.00000  0.00000  0.00000  0.00000
        -79  0.00000  0.00000  nan  nan  0.00000  0.00000  0.00000  0.00000
         -1  0.00000  0.00000  nan  nan  0.00000  0.00000  0.00000  0.00000
          1  0.00000  0.00000  nan  nan  0.00000  0.00000  0.00000  0.00000
         79  0.00000  0.00000  nan  nan  0.00000  0.00000  0.00000  0.00000
        158  0.00000  0.00000  nan  nan  0.00000  0.00000  0.00000  0.00000
        237  0.00000  0.00000  nan  nan  0.00000  0.00000  0.00000  0.00000
        316  0.00000  0.00000  nan  nan  0.00000  0.00000  0.00000  0.00000
        395  0.00000  0.00000  nan  nan  0.00000  0.00000  0.00000  0.00000
        474  0.00000  0.00000  nan  nan  0.00000  0.00000  0.00000  0.00000
        553  0.00000  0.00000  nan  nan  0.00000  0.00000  0.00000  0.00000
        632  0.00000  0.00000  nan  nan  0.00000  0.00000  0.00000  0.00000
        711  0.00000  0.00000  nan  nan  0.00000  0.00000  0.00000  0.00000
        789  0.00000  0.00000  nan  nan  0.00000  0.00000  0.00000  0.00000
        868  0.00000  0.00000  nan  nan  0.00000  0.00000  0.00000  0.00000
        947  0.00000  0.00000  nan  nan  0.00000  0.00000  0.00000  0.00000
       1026  0.00000  0.00000  nan  nan  0.00000  0.00000  0.00000  0.00000
       1105  0.00000  0.00000  nan  nan  0.00000  0.00000  0.00000  0.00000
       1184  0.00000  0.00000  nan  nan  0.00000  0.00000  0.00000  0.00000
       1263  0.00000  0.00000  nan  nan  0.00000  0.00000  0.00000  0.00000
       1342  0.00000  0.00000  nan  nan  0.00000  0.00000  0.00000  0.00000
       1421  0.00000  0.00000  nan  nan  0.00000  0.00000  0.00000  0.00000
       1500  0.00000  0.00000  nan  nan  0.00000  0.00000  0.00000  0.00000
 1000000000  1.00000  1.00000  nan  nan  0.00000  0.00000  0.00000  0.00000
