(4, 384, 40)
+- -+ -- ++
[  9.99971998e-01   0.00000000e+00   2.80017921e-05   0.00000000e+00]
[ 0.00054801  0.          0.00054801  0.        ]
(40, 9) (41,)
Bins: mean +- -+ -- ++ std +- -+ -- ++
         39  0.00000  nan  0.00000  nan  0.00000  0.00000  0.00000  0.00000
         77  0.00051  nan  0.00000  nan  0.00281  0.00000  0.00000  0.00000
        116  0.00062  nan  0.00000  nan  0.00340  0.00000  0.00000  0.00000
        154  0.00088  nan  0.00000  nan  0.00340  0.00000  0.00000  0.00000
        193  0.00105  nan  0.00000  nan  0.00461  0.00000  0.00000  0.00000
        231  0.00180  nan  0.00000  nan  0.00652  0.00000  0.00000  0.00000
        270  0.00493  nan  0.00000  nan  0.01206  0.00000  0.00000  0.00000
        308  0.01885  nan  0.00000  nan  0.01770  0.00000  0.00000  0.00000
        346  0.08060  nan  0.00000  nan  0.03701  0.00000  0.00000  0.00000
        385  0.24372  nan  0.00000  nan  0.06822  0.00000  0.00000  0.00000
        423  0.44379  nan  0.00000  nan  0.06310  0.00000  0.00000  0.00000
        462  0.18458  nan  0.00000  nan  0.05822  0.00000  0.00000  0.00000
        500  0.00970  nan  0.00000  nan  0.01364  0.00000  0.00000  0.00000
        539  0.00386  nan  0.00000  nan  0.00739  0.00000  0.00000  0.00000
        577  0.00267  nan  0.00000  nan  0.00718  0.00000  0.00000  0.00000
        615  0.00101  nan  0.00000  nan  0.00369  0.00000  0.00000  0.00000
        654  0.00064  nan  0.00000  nan  0.00276  0.00000  0.00000  0.00000
        692  0.00033  nan  0.00000  nan  0.00218  0.00000  0.00000  0.00000
        731  0.00014  nan  0.00000  nan  0.00138  0.00000  0.00000  0.00000
        769  0.00015  nan  0.00000  nan  0.00153  0.00000  0.00000  0.00000
        808  0.00012  nan  0.00000  nan  0.00115  0.00000  0.00000  0.00000
        846  0.00004  nan  0.00000  nan  0.00080  0.00000  0.00000  0.00000
        885  0.00000  nan  0.00000  nan  0.00000  0.00000  0.00000  0.00000
        923  0.00000  nan  0.00000  nan  0.00000  0.00000  0.00000  0.00000
        961  0.00000  nan  0.00000  nan  0.00000  0.00000  0.00000  0.00000
       1000  0.00000  nan  0.00000  nan  0.00000  0.00000  0.00000  0.00000
       1038  0.00000  nan  0.00000  nan  0.00000  0.00000  0.00000  0.00000
       1077  0.00000  nan  0.00000  nan  0.00000  0.00000  0.00000  0.00000
       1115  0.00000  nan  0.00000  nan  0.00000  0.00000  0.00000  0.00000
       1154  0.00000  nan  0.00000  nan  0.00000  0.00000  0.00000  0.00000
       1192  0.00000  nan  0.00000  nan  0.00000  0.00000  0.00000  0.00000
       1230  0.00000  nan  0.00000  nan  0.00000  0.00000  0.00000  0.00000
       1269  0.00000  nan  0.00000  nan  0.00000  0.00000  0.00000  0.00000
       1307  0.00000  nan  0.00000  nan  0.00000  0.00000  0.00000  0.00000
       1346  0.00000  nan  0.00000  nan  0.00000  0.00000  0.00000  0.00000
       1384  0.00000  nan  0.00000  nan  0.00000  0.00000  0.00000  0.00000
       1423  0.00000  nan  0.00000  nan  0.00000  0.00000  0.00000  0.00000
       1461  0.00000  nan  0.00000  nan  0.00000  0.00000  0.00000  0.00000
       1500  0.00000  nan  0.00000  nan  0.00000  0.00000  0.00000  0.00000
 1000000000  0.00000  nan  1.00000  nan  0.00000  0.00000  0.00000  0.00000
