(4, 8, 40)
+- -+ -- ++
[ 0.8  0.2  0.   0. ]
[ 0.4  0.4  0.   0. ]
(40, 9) (41,)
Bins: mean +- -+ -- ++ std +- -+ -- ++
         39  0.00000  0.00000  nan  nan  0.00000  0.00000  0.00000  0.00000
         77  0.00000  0.00000  nan  nan  0.00000  0.00000  0.00000  0.00000
        116  0.00000  0.00000  nan  nan  0.00000  0.00000  0.00000  0.00000
        154  0.00000  0.00000  nan  nan  0.00000  0.00000  0.00000  0.00000
        193  0.00000  0.00000  nan  nan  0.00000  0.00000  0.00000  0.00000
        231  0.00000  0.00000  nan  nan  0.00000  0.00000  0.00000  0.00000
        270  0.00000  0.00000  nan  nan  0.00000  0.00000  0.00000  0.00000
        308  0.00000  0.00000  nan  nan  0.00000  0.00000  0.00000  0.00000
        346  0.00000  0.00000  nan  nan  0.00000  0.00000  0.00000  0.00000
        385  0.00000  0.00000  nan  nan  0.00000  0.00000  0.00000  0.00000
        423  0.00000  0.00000  nan  nan  0.00000  0.00000  0.00000  0.00000
        462  0.00000  0.00000  nan  nan  0.00000  0.00000  0.00000  0.00000
        500  0.00000  0.00000  nan  nan  0.00000  0.00000  0.00000  0.00000
        539  0.00000  0.00000  nan  nan  0.00000  0.00000  0.00000  0.00000
        577  0.00000  0.00000  nan  nan  0.00000  0.00000  0.00000  0.00000
        615  0.00000  0.00000  nan  nan  0.00000  0.00000  0.00000  0.00000
        654  0.00000  0.00000  nan  nan  0.00000  0.00000  0.00000  0.00000
        692  0.00000  0.00000  nan  nan  0.00000  0.00000  0.00000  0.00000
        731  0.00000  0.00000  nan  nan  0.00000  0.00000  0.00000  0.00000
        769  0.08333  0.00000  nan  nan  0.14434  0.00000  0.00000  0.00000
        808  0.00000  0.00000  nan  nan  0.00000  0.00000  0.00000  0.00000
        846  0.00000  0.00000  nan  nan  0.00000  0.00000  0.00000  0.00000
        885  0.00000  0.00000  nan  nan  0.00000  0.00000  0.00000  0.00000
        923  0.08333  0.00000  nan  nan  0.14434  0.00000  0.00000  0.00000
        961  0.12500  0.00000  nan  nan  0.21651  0.00000  0.00000  0.00000
       1000  0.50000  0.00000  nan  nan  0.35355  0.00000  0.00000  0.00000
       1038  0.08333  1.00000  nan  nan  0.14434  0.00000  0.00000  0.00000
       1077  0.00000  0.00000  nan  nan  0.00000  0.00000  0.00000  0.00000
       1115  0.12500  0.00000  nan  nan  0.21651  0.00000  0.00000  0.00000
       1154  0.00000  0.00000  nan  nan  0.00000  0.00000  0.00000  0.00000
       1192  0.00000  0.00000  nan  nan  0.00000  0.00000  0.00000  0.00000
       1230  0.00000  0.00000  nan  nan  0.00000  0.00000  0.00000  0.00000
       1269  0.00000  0.00000  nan  nan  0.00000  0.00000  0.00000  0.00000
       1307  0.00000  0.00000  nan  nan  0.00000  0.00000  0.00000  0.00000
       1346  0.00000  0.00000  nan  nan  0.00000  0.00000  0.00000  0.00000
       1384  0.00000  0.00000  nan  nan  0.00000  0.00000  0.00000  0.00000
       1423  0.00000  0.00000  nan  nan  0.00000  0.00000  0.00000  0.00000
       1461  0.00000  0.00000  nan  nan  0.00000  0.00000  0.00000  0.00000
       1500  0.00000  0.00000  nan  nan  0.00000  0.00000  0.00000  0.00000
 1000000000  0.00000  0.00000  nan  nan  0.00000  0.00000  0.00000  0.00000
